# Time-averaged data for fix rdf_avg
# TimeStep Number-of-rows
# Row c_rdf[1] c_rdf[2] c_rdf[3] c_rdf[4] c_rdf[5] c_rdf[6] c_rdf[7]
1000 100
1 0.0125 0 0 0 0 0 0
2 0.0375 0 0 0 0 0 0
3 0.0625 0 0 0 0 0 0
4 0.0875 0 0 0 0 0 0
5 0.1125 0 0 0 0 0 0
6 0.1375 0 0 0 0 0 0
7 0.1625 0 0 0 0 0 0
8 0.1875 0 0 0 0 0 0
9 0.2125 0 0 0 0 0 0
10 0.2375 0 0 0 0 0 0
11 0.2625 0 0 0 0 0 0
12 0.2875 0 0 0 0 0 0
13 0.3125 0 0 0 0 0 0
14 0.3375 0 0 0 0 0 0
15 0.3625 0 0 0 0 0 0
16 0.3875 0 0 0 0 0 0
17 0.4125 0 0 0 0 0 0
18 0.4375 0 0 0 0 0 0
19 0.4625 0 0 0 0 0 0
20 0.4875 0 0 0 0 0 0
21 0.5125 0 0 0 0 0 0
22 0.5375 0 0 0 0 0 0
23 0.5625 0 0 0 0 0 0
24 0.5875 0 0 0 0 0 0
25 0.6125 0 0 0 0 0 0
26 0.6375 0 0 0 0 0 0
27 0.6625 0 0 0 0 0 0
28 0.6875 0 0 0 0 0 0
29 0.7125 0 0 0 0 0 0
30 0.7375 0 0 0 0 0 0
31 0.7625 0 0 0 0 0 0
32 0.7875 0 0 0 0 0 0
33 0.8125 0 0 0 0 0 0
34 0.8375 0 0 0 0 0 0
35 0.8625 0 0 0 0 0 0
36 0.8875 0 0 0 0 0 0
37 0.9125 0 0 0 0 0 0
38 0.9375 0 0 0 0 0 0
39 0.9625 0 0 0 0 0 0
40 0.9875 0 0 0 0 0 0
41 1.0125 0 0 0 0 0 0
42 1.0375 0 0 0 0 0 0
43 1.0625 0.00127515 9e-05 0.0104322 0.00074 0.00212525 0.00015
44 1.0875 0.301595 0.02239 0.730234 0.055005 0.317013 0.02359
45 1.1125 1.18263 0.1139 3.52429 0.32908 1.25215 0.12048
46 1.1375 1.30218 0.21924 4.29271 0.678085 1.36448 0.23086
47 1.1625 1.26441 0.32607 3.53991 0.978675 1.19588 0.3319
48 1.1875 1.0932 0.42245 2.99607 1.24415 1.23986 0.44121
49 1.2125 1.01388 0.51564 2.55196 1.47989 1.23528 0.55475
50 1.2375 1.1394 0.62473 2.43758 1.71444 1.11329 0.66134
51 1.2625 1.03451 0.72782 2.13542 1.9283 1.07716 0.76868
52 1.2875 0.976204 0.82899 1.92023 2.12831 1.20113 0.89316
53 1.3125 1.15673 0.95357 1.70896 2.31329 1.27781 1.03078
54 1.3375 1.30023 1.09899 1.66623 2.50058 1.25982 1.17168
55 1.3625 1.31809 1.25197 1.50487 2.67612 1.24675 1.31638
56 1.3875 1.17116 1.39293 1.33415 2.8375 1.15221 1.45506
57 1.4125 1.1376 1.53483 1.23282 2.99205 1.12261 1.59509
58 1.4375 1.15264 1.68374 1.20118 3.14801 1.20032 1.75016
59 1.4625 1.12232 1.83382 1.09052 3.29457 1.03034 1.88794
60 1.4875 1.01075 1.97364 1.09938 3.44742 1.03576 2.03122
61 1.5125 1.00019 2.11669 0.963852 3.58596 1.03019 2.17856
62 1.5375 0.974293 2.26068 1.01779 3.73713 1.05008 2.33375
63 1.5625 0.952472 2.40606 0.965376 3.88522 0.981955 2.48363
64 1.5875 1.00071 2.56373 0.902877 4.02819 1.00427 2.64186
65 1.6125 1.08305 2.73979 0.878985 4.1718 0.973369 2.80009
66 1.6375 1.10452 2.92495 0.940106 4.33019 1.06318 2.97832
67 1.6625 0.940587 3.08748 0.897679 4.48609 1.00974 3.1528
68 1.6875 0.914891 3.25036 0.812176 4.6314 0.982014 3.32763
69 1.7125 0.969805 3.42817 0.797292 4.77832 0.886247 3.49012
70 1.7375 1.006 3.61804 0.787219 4.92764 0.946443 3.66875
71 1.7625 0.998514 3.81196 0.809875 5.08572 0.96453 3.85607
72 1.7875 0.985397 4.0088 0.796096 5.24555 0.916213 4.03909
73 1.8125 0.912439 4.1962 0.808732 5.41248 0.83142 4.20985
74 1.8375 0.901139 4.38642 0.766866 5.57517 0.846707 4.38858
75 1.8625 0.886563 4.57869 0.780919 5.74538 0.902609 4.58433
76 1.8875 0.93866 4.78776 0.797962 5.924 0.880923 4.78054
77 1.9125 0.913669 4.99669 0.753218 6.09711 0.964746 5.00115
78 1.9375 0.948788 5.21936 0.792901 6.28413 0.917683 5.21652
79 1.9625 0.980795 5.45552 0.769584 6.47037 0.943708 5.44375
80 1.9875 1.06937 5.71961 0.770249 6.66154 0.965387 5.68216
81 2.0125 1.02741 5.97976 0.79536 6.86395 0.938511 5.9198
82 2.0375 0.965248 6.23028 0.831781 7.08091 0.97384 6.17255
83 2.0625 0.932514 6.47828 0.825601 7.30158 1.0102 6.44121
84 2.0875 1.04095 6.76187 0.928588 7.55583 1.03599 6.72345
85 2.1125 1.11485 7.07291 0.97787 7.83002 0.977748 6.99624
86 2.1375 1.13349 7.39668 0.999683 8.11701 1.08794 7.307
87 2.1625 1.11585 7.72291 1.06672 8.43044 1.1312 7.63772
88 2.1875 1.09607 8.05081 1.06075 8.74938 1.12441 7.9741
89 2.2125 1.13927 8.39947 1.05173 9.07286 1.09833 8.31023
90 2.2375 1.15326 8.76043 1.06274 9.40716 1.09134 8.65181
91 2.2625 1.21803 9.15023 1.06139 9.74854 1.13082 9.0137
92 2.2875 1.17049 9.53314 1.05084 10.094 1.09086 9.37056
93 2.3125 1.11331 9.90535 1.09001 10.4603 1.12399 9.74634
94 2.3375 1.1636 10.3028 1.11552 10.8433 1.08743 10.1178
95 2.3625 1.11254 10.691 1.07513 11.2203 1.04763 10.4834
96 2.3875 1.12764 11.0929 1.1135 11.6191 1.03007 10.8504
97 2.4125 1.08573 11.4879 1.11083 12.0253 1.12228 11.2588
98 2.4375 1.07014 11.8854 1.11654 12.4421 1.06643 11.6549
99 2.4625 1.05008 12.2835 1.06422 12.8476 1.00988 12.0378
100 2.4875 0.975025 12.6607 1.03821 13.2513 1.01269 12.4295
2000 100
1 0.0125 0 0 0 0 0 0
2 0.0375 0 0 0 0 0 0
3 0.0625 0 0 0 0 0 0
4 0.0875 0 0 0 0 0 0
5 0.1125 0 0 0 0 0 0
6 0.1375 0 0 0 0 0 0
7 0.1625 0 0 0 0 0 0
8 0.1875 0 0 0 0 0 0
9 0.2125 0 0 0 0 0 0
10 0.2375 0 0 0 0 0 0
11 0.2625 0 0 0 0 0 0
12 0.2875 0 0 0 0 0 0
13 0.3125 0 0 0 0 0 0
14 0.3375 0 0 0 0 0 0
15 0.3625 0 0 0 0 0 0
16 0.3875 0 0 0 0 0 0
17 0.4125 0 0 0 0 0 0
18 0.4375 0 0 0 0 0 0
19 0.4625 0 0 0 0 0 0
20 0.4875 0 0 0 0 0 0
21 0.5125 0 0 0 0 0 0
22 0.5375 0 0 0 0 0 0
23 0.5625 0 0 0 0 0 0
24 0.5875 0 0 0 0 0 0
25 0.6125 0 0 0 0 0 0
26 0.6375 0 0 0 0 0 0
27 0.6625 0 0 0 0 0 0
28 0.6875 0 0 0 0 0 0
29 0.7125 0 0 0 0 0 0
30 0.7375 0 0 0 0 0 0
31 0.7625 0 0 0 0 0 0
32 0.7875 0 0 0 0 0 0
33 0.8125 0 0 0 0 0 0
34 0.8375 0 0 0 0 0 0
35 0.8625 0 0 0 0 0 0
36 0.8875 0 0 0 0 0 0
37 0.9125 0 0 0 0 0 0
38 0.9375 0 0 0 0 0 0
39 0.9625 0 0 0 0 0 0
40 0.9875 0 0 0 0 0 0
41 1.0125 0 0 0 0 0 0
42 1.0375 0 0 0 0 0 0
43 1.0625 0.00283367 0.0002 0.025587 0.001815 0.00226694 0.00016
44 1.0875 0.292939 0.02186 0.807207 0.0618 0.326615 0.02431
45 1.1125 1.19968 0.11469 2.70029 0.271795 0.958016 0.09844
46 1.1375 1.41133 0.22886 2.99083 0.514955 1.17213 0.19326
47 1.1625 1.26547 0.33578 2.62352 0.73773 1.42088 0.31331
48 1.1875 1.24792 0.4458 2.5162 0.96068 1.28342 0.42646
49 1.2125 1.24529 0.56026 2.3426 1.17708 1.33636 0.54929
50 1.2375 1.33179 0.68777 2.2936 1.39778 1.3343 0.67704
51 1.2625 1.14249 0.80162 2.0821 1.6063 1.3157 0.80815
52 1.2875 1.12963 0.91869 1.92037 1.80633 1.19447 0.93194
53 1.3125 1.12619 1.03998 1.94529 2.01688 0.96704 1.03609
54 1.3375 1.13562 1.16699 1.76169 2.21491 0.987021 1.14648
55 1.3625 1.10933 1.29574 1.68049 2.41092 1.1724 1.28255
56 1.3875 1.08774 1.42666 1.5302 2.59603 0.989452 1.40164
57 1.4125 1.0297 1.5551 1.53925 2.78899 0.991215 1.52528
58 1.4375 1.16139 1.70514 1.34185 2.96322 1.05387 1.66143
59 1.4625 1.08545 1.85029 1.31728 3.14025 1.03415 1.79972
60 1.4875 1.0179 1.9911 1.28938 3.31951 1.02304 1.94124
61 1.5125 1.04718 2.14087 1.17086 3.48781 0.930275 2.07429
62 1.5375 1.01449 2.2908 1.10125 3.65138 0.883217 2.20482
63 1.5625 0.933931 2.43335 1.00922 3.8062 0.945724 2.34917
64 1.5875 0.957428 2.5842 0.956556 3.95767 0.980848 2.50371
65 1.6125 0.895244 2.72973 0.998342 4.12077 1.02843 2.67089
66 1.6375 0.88148 2.8775 0.906334 4.27347 0.89514 2.82095
67 1.6625 0.897936 3.03266 0.918351 4.43296 0.923515 2.98053
68 1.6875 0.787779 3.17291 0.932896 4.59987 0.918879 3.14412
69 1.7125 0.89601 3.33719 0.86038 4.75842 0.932989 3.31518
70 1.7375 0.932349 3.51316 0.914376 4.93186 0.937965 3.49221
71 1.7625 0.890486 3.6861 0.898893 5.10731 1.03064 3.69237
72 1.7875 0.855189 3.85693 0.905082 5.28901 0.865702 3.8653
73 1.8125 0.846075 4.0307 0.900246 5.47484 0.830105 4.03579
74 1.8375 0.902229 4.22115 0.864416 5.65822 0.826478 4.21025
75 1.8625 0.903624 4.41712 0.859764 5.84562 0.848798 4.39433
76 1.8875 0.864895 4.60976 0.883666 6.04343 0.927571 4.60093
77 1.9125 0.88848 4.81293 0.887192 6.24732 1.00498 4.83074
78 1.9375 0.943036 5.03425 0.884922 6.45605 0.987819 5.06257
79 1.9625 0.917253 5.25511 0.839565 6.65922 0.942836 5.28959
80 1.9875 0.999239 5.50188 0.928288 6.88962 0.902016 5.51235
81 2.0125 0.975239 5.74882 0.900063 7.11867 0.949174 5.75269
82 2.0375 0.896511 5.9815 0.906232 7.35505 0.962551 6.00251
83 2.0625 1.01975 6.2527 0.88333 7.59116 1.03445 6.27762
84 2.0875 1.04524 6.53746 0.88739 7.83412 1.0469 6.56283
85 2.1125 1.03345 6.82579 0.91348 8.09027 1.06703 6.86053
86 2.1375 1.01495 7.1157 0.884417 8.34416 1.05381 7.16154
87 2.1625 1.06184 7.42614 0.882243 8.60339 1.04682 7.46759
88 2.1875 1.02751 7.73353 0.952543 8.88979 1.14136 7.80904
89 2.2125 1.07569 8.06273 0.993449 9.19534 1.17224 8.16779
90 2.2375 1.10437 8.40839 1.06809 9.53133 1.10434 8.51344
91 2.2625 1.09238 8.75798 1.04603 9.86777 1.16813 8.88727
92 2.2875 1.09251 9.11538 1.02381 10.2044 1.11357 9.25156
93 2.3125 1.12211 9.49053 1.01349 10.5449 1.14415 9.63408
94 2.3375 1.14501 9.88166 0.961229 10.8749 1.09241 10.0072
95 2.3625 1.1046 10.2671 0.982739 11.2196 1.05133 10.3741
96 2.3875 1.17439 10.6856 1.02791 11.5877 0.994405 10.7285
97 2.4125 1.04989 11.0676 0.996993 11.9523 0.961398 11.0783
98 2.4375 1.05536 11.4596 1.00866 12.3289 1.04155 11.4652
99 2.4625 1.01595 11.8448 1.02184 12.7182 1.06308 11.8682
100 2.4875 1.11152 12.2748 1.03512 13.1206 1.04627 12.2729
3000 100
1 0.0125 0 0 0 0 0 0
2 0.0375 0 0 0 0 0 0
3 0.0625 0 0 0 0 0 0
4 0.0875 0 0 0 0 0 0
5 0.1125 0 0 0 0 0 0
6 0.1375 0 0 0 0 0 0
7 0.1625 0 0 0 0 0 0
8 0.1875 0 0 0 0 0 0
9 0.2125 0 0 0 0 0 0
10 0.2375 0 0 0 0 0 0
11 0.2625 0 0 0 0 0 0
12 0.2875 0 0 0 0 0 0
13 0.3125 0 0 0 0 0 0
14 0.3375 0 0 0 0 0 0
15 0.3625 0 0 0 0 0 0
16 0.3875 0 0 0 0 0 0
17 0.4125 0 0 0 0 0 0
18 0.4375 0 0 0 0 0 0
19 0.4625 0 0 0 0 0 0
20 0.4875 0 0 0 0 0 0
21 0.5125 0 0 0 0 0 0
22 0.5375 0 0 0 0 0 0
23 0.5625 0 0 0 0 0 0
24 0.5875 0 0 0 0 0 0
25 0.6125 0 0 0 0 0 0
26 0.6375 0 0 0 0 0 0
27 0.6625 0 0 0 0 0 0
28 0.6875 0 0 0 0 0 0
29 0.7125 0 0 0 0 0 0
30 0.7375 0 0 0 0 0 0
31 0.7625 0 0 0 0 0 0
32 0.7875 0 0 0 0 0 0
33 0.8125 0 0 0 0 0 0
34 0.8375 0 0 0 0 0 0
35 0.8625 0 0 0 0 0 0
36 0.8875 0 0 0 0 0 0
37 0.9125 0 0 0 0 0 0
38 0.9375 0 0 0 0 0 0
39 0.9625 0 0 0 0 0 0
40 0.9875 0 0 0 0 0 0
41 1.0125 0 0 0 0 0 0
42 1.0375 0 0 0 0 0 0
43 1.0625 0.00453387 0.00032 0.0257984 0.00183 0.00297535 0.00021
44 1.0875 0.312279 0.02341 0.726063 0.055785 0.327968 0.02446
45 1.1125 1.16789 0.11378 2.86411 0.27852 1.22579 0.11931
46 1.1375 1.36324 0.22406 3.01906 0.523975 1.34656 0.22824
47 1.1625 1.29566 0.33353 2.73304 0.75605 1.24997 0.33385
48 1.1875 1.36781 0.45412 2.62381 0.988535 1.36951 0.45459
49 1.2125 1.29153 0.57283 2.4974 1.21923 1.28152 0.57238
50 1.2375 1.26818 0.69425 2.3413 1.44452 1.21909 0.6891
51 1.2625 1.2605 0.81986 1.96892 1.64171 1.1726 0.80595
52 1.2875 1.29086 0.95364 1.81687 1.83095 1.2348 0.93392
53 1.3125 1.37066 1.10126 1.64291 2.00878 1.08951 1.05126
54 1.3375 1.17845 1.23306 1.64252 2.19341 1.12051 1.17658
55 1.3625 1.20815 1.37328 1.56754 2.37625 1.17153 1.31255
56 1.3875 1.02883 1.49711 1.48593 2.556 1.03573 1.43721
57 1.4125 0.925636 1.61257 1.40843 2.73256 0.969569 1.55815
58 1.4375 0.850684 1.72247 1.40543 2.91505 0.96385 1.68267
59 1.4625 0.873449 1.83927 1.28413 3.08762 1.09024 1.82846
60 1.4875 0.892409 1.96272 1.18789 3.25277 0.875277 1.94954
61 1.5125 0.88252 2.08894 1.15385 3.41863 0.813859 2.06594
62 1.5375 0.946821 2.22887 1.11185 3.58377 0.951017 2.20649
63 1.5625 1.04243 2.38798 1.16661 3.76274 0.985624 2.35693
64 1.5875 0.967329 2.54039 1.08662 3.9348 0.964409 2.50888
65 1.6125 0.93486 2.69236 0.956995 4.09115 0.854828 2.64784
66 1.6375 0.930693 2.84838 0.966044 4.25391 0.941848 2.80573
67 1.6625 0.874266 2.99945 0.943831 4.41782 0.906096 2.9623
68 1.6875 0.819234 3.1453 0.912356 4.58106 0.858272 3.1151
69 1.7125 0.805853 3.29305 0.936112 4.75356 0.929608 3.28554
70 1.7375 0.819177 3.44766 0.962376 4.93611 1.023 3.47862
71 1.7625 0.863247 3.61531 0.923716 5.1164 0.95485 3.66406
72 1.7875 0.889681 3.79303 0.899279 5.29694 0.921369 3.84811
73 1.8125 0.942139 3.98653 0.910638 5.48492 0.919012 4.03686
74 1.8375 0.963056 4.18982 0.845584 5.6643 1.02853 4.25397
75 1.8625 0.889237 4.38267 0.879974 5.85611 1.0236 4.47596
76 1.8875 0.891833 4.58131 0.8859 6.05442 0.993749 4.6973
77 1.9125 0.944105 4.7972 0.877532 6.25609 1.02553 4.93181
78 1.9375 0.970519 5.02497 0.918755 6.4728 1.00329 5.16727
79 1.9625 0.943791 5.25222 0.922419 6.69602 0.915176 5.38763
80 1.9875 1.00503 5.50042 0.924903 6.92557 0.947165 5.62154
81 2.0125 0.890329 5.72586 0.887823 7.15151 0.855378 5.83813
82 2.0375 0.903716 5.96041 0.892526 7.38432 0.883372 6.0674
83 2.0625 0.968912 6.21809 0.927683 7.63227 0.862613 6.29681
84 2.0875 1.03651 6.50047 0.906747 7.88055 0.893538 6.54024
85 2.1125 1.00739 6.78153 0.887481 8.1294 0.879791 6.7857
86 2.1375 0.9701 7.05863 0.934909 8.39778 0.933725 7.05241
87 2.1625 1.04094 7.36296 0.961166 8.68021 1.01645 7.34958
88 2.1875 0.981615 7.65662 1.00022 8.98094 1.00067 7.64894
89 2.2125 0.973934 7.95468 1.01115 9.29194 1.0119 7.95862
90 2.2375 1.03009 8.27709 1.04033 9.61919 1.03245 8.28177
91 2.2625 1.05779 8.61561 1.01547 9.9458 1.04385 8.61583
92 2.2875 1.00252 8.94357 1.02162 10.2817 1.08419 8.97051
93 2.3125 1.08493 9.30629 1.09858 10.6508 1.08541 9.33339
94 2.3375 1.09334 9.67977 1.0556 11.0132 1.09466 9.70732
95 2.3625 1.08549 10.0585 0.982325 11.3577 1.03995 10.0702
96 2.3875 1.13446 10.4628 1.00416 11.7174 1.07603 10.4537
97 2.4125 1.0694 10.8519 0.99095 12.0797 1.02329 10.826
98 2.4375 1.07916 11.2528 1.00114 12.4535 1.04591 11.2145
99 2.4625 1.02586 11.6417 1.01306 12.8395 1.04918 11.6123
100 2.4875 1.05974 12.0516 1.07328 13.2567 1.04795 12.0176
4000 100
1 0.0125 0 0 0 0 0 0
2 0.0375 0 0 0 0 0 0
3 0.0625 0 0 0 0 0 0
4 0.0875 0 0 0 0 0 0
5 0.1125 0 0 0 0 0 0
6 0.1375 0 0 0 0 0 0
7 0.1625 0 0 0 0 0 0
8 0.1875 0 0 0 0 0 0
9 0.2125 0 0 0 0 0 0
10 0.2375 0 0 0 0 0 0
11 0.2625 0 0 0 0 0 0
12 0.2875 0 0 0 0 0 0
13 0.3125 0 0 0 0 0 0
14 0.3375 0 0 0 0 0 0
15 0.3625 0 0 0 0 0 0
16 0.3875 0 0 0 0 0 0
17 0.4125 0 0 0 0 0 0
18 0.4375 0 0 0 0 0 0
19 0.4625 0 0 0 0 0 0
20 0.4875 0 0 0 0 0 0
21 0.5125 0 0 0 0 0 0
22 0.5375 0 0 0 0 0 0
23 0.5625 0 0 0 0 0 0
24 0.5875 0 0 0 0 0 0
25 0.6125 0 0 0 0 0 0
26 0.6375 0 0 0 0 0 0
27 0.6625 0 0 0 0 0 0
28 0.6875 0 0 0 0 0 0
29 0.7125 0 0 0 0 0 0
30 0.7375 0 0 0 0 0 0
31 0.7625 0 0 0 0 0 0
32 0.7875 0 0 0 0 0 0
33 0.8125 0 0 0 0 0 0
34 0.8375 0 0 0 0 0 0
35 0.8625 0 0 0 0 0 0
36 0.8875 0 0 0 0 0 0
37 0.9125 0 0 0 0 0 0
38 0.9375 0 0 0 0 0 0
39 0.9625 0 0 0 0 0 0
40 0.9875 0 0 0 0 0 0
41 1.0125 0 0 0 0 0 0
42 1.0375 0 0 0 0 0 0
43 1.0625 0.00481724 0.00034 0.0156482 0.00111 0.00850101 0.0006
44 1.0875 0.313497 0.02352 0.722968 0.054835 0.303218 0.02302
45 1.1125 1.28007 0.12257 2.6369 0.2599 1.06399 0.10535
46 1.1375 1.55843 0.24864 2.74373 0.48297 1.19537 0.20205
47 1.1625 1.34596 0.36236 2.70966 0.71306 1.01846 0.2881
48 1.1875 1.35352 0.48169 2.73446 0.95535 0.856255 0.36359
49 1.2125 1.25356 0.59691 2.50541 1.18679 1.08427 0.46325
50 1.2375 1.2686 0.71837 2.22241 1.40064 1.15778 0.5741
51 1.2625 1.27847 0.84577 2.09703 1.61066 1.1173 0.68544
52 1.2875 1.0917 0.95891 2.05939 1.82516 1.05533 0.79481
53 1.3125 1.19471 1.08758 1.88589 2.02929 1.06398 0.9094
54 1.3375 1.09548 1.2101 1.78117 2.2295 1.11425 1.03402
55 1.3625 1.08942 1.33654 1.74834 2.43344 1.12208 1.16425
56 1.3875 1.03955 1.46166 1.59047 2.62582 1.18611 1.30701
57 1.4125 0.988489 1.58496 1.44688 2.80721 0.992417 1.4308
58 1.4375 0.978093 1.71132 1.30265 2.97635 0.99489 1.55933
59 1.4625 0.910017 1.83301 1.17665 3.13448 1.15425 1.71368
60 1.4875 0.916915 1.95985 1.11459 3.28944 0.99318 1.85107
61 1.5125 0.874899 2.08498 1.13082 3.45198 1.12521 2.012
62 1.5375 0.951761 2.22564 1.18466 3.62794 1.09589 2.17396
63 1.5625 0.856098 2.35631 1.17264 3.80783 1.08121 2.33899
64 1.5875 0.8025 2.48275 1.10727 3.98317 1.08963 2.51067
65 1.6125 0.880788 2.62593 1.07155 4.15823 1.0499 2.68134
66 1.6375 0.912499 2.7789 1.02003 4.33009 0.97573 2.84491
67 1.6625 0.872762 2.92971 1.03236 4.50937 0.97913 3.0141
68 1.6875 0.860519 3.08291 0.968189 4.6826 0.987968 3.18999
69 1.7125 0.9067 3.24915 0.892344 4.84703 0.99364 3.37217
70 1.7375 0.872266 3.41378 0.963668 5.02983 0.939661 3.54952
71 1.7625 0.924933 3.59341 0.968161 5.2188 0.927147 3.72958
72 1.7875 0.887528 3.7707 0.899503 5.39938 1.00262 3.92986
73 1.8125 0.94584 3.96496 0.842693 5.57333 0.943697 4.12368
74 1.8375 0.953439 4.16622 0.874951 5.75895 0.947234 4.32363
75 1.8625 0.954068 4.37313 0.817417 5.93712 0.918425 4.52281
76 1.8875 0.881282 4.56942 0.782773 6.11234 0.856499 4.71358
77 1.9125 0.94428 4.78535 0.786896 6.29318 0.862198 4.91074
78 1.9375 0.935281 5.00485 0.771045 6.47505 0.889902 5.11959
79 1.9625 0.867166 5.21365 0.805928 6.67008 0.938682 5.34561
80 1.9875 0.91137 5.43872 0.821136 6.87388 0.935261 5.57658
81 2.0125 0.874295 5.6601 0.869825 7.09524 1.03736 5.83925
82 2.0375 0.953265 5.90751 0.908992 7.33235 1.01838 6.10356
83 2.0625 0.906419 6.14857 0.927777 7.58032 0.998505 6.36911
84 2.0875 0.876249 6.38729 0.923986 7.83332 1.01463 6.64553
85 2.1125 0.96635 6.6569 0.839942 8.06883 1.01058 6.92748
86 2.1375 1.10436 6.97235 0.862942 8.31657 1.0468 7.22649
87 2.1625 1.13459 7.30406 0.867166 8.57136 0.991581 7.51639
88 2.1875 1.0845 7.6285 0.92527 8.84956 1.03754 7.82678
89 2.2125 1.0868 7.9611 0.917939 9.1319 1.08608 8.15916
90 2.2375 1.04622 8.28856 0.95702 9.43294 1.03619 8.48348
91 2.2625 1.05448 8.62602 0.9795 9.74798 1.00861 8.80626
92 2.2875 1.01908 8.9594 1.02596 10.0853 1.08086 9.15985
93 2.3125 1.11532 9.33228 1.10595 10.4569 1.02475 9.50245
94 2.3375 1.02754 9.68328 1.04998 10.8174 1.06723 9.86701
95 2.3625 1.07818 10.0595 1.02684 11.1775 0.986044 10.2111
96 2.3875 1.08684 10.4468 1.02922 11.5461 1.00686 10.5699
97 2.4125 1.11398 10.8521 1.06489 11.9355 1.11887 10.977
98 2.4375 1.17438 11.2884 1.05212 12.3283 1.06395 11.3722
99 2.4625 1.16042 11.7283 1.04972 12.7282 1.09131 11.7859
100 2.4875 1.15743 12.176 1.07111 13.1447 1.02693 12.1832
5000 100
1 0.0125 0 0 0 0 0 0
2 0.0375 0 0 0 0 0 0
3 0.0625 0 0 0 0 0 0
4 0.0875 0 0 0 0 0 0
5 0.1125 0 0 0 0 0 0
6 0.1375 0 0 0 0 0 0
7 0.1625 0 0 0 0 0 0
8 0.1875 0 0 0 0 0 0
9 0.2125 0 0 0 0 0 0
10 0.2375 0 0 0 0 0 0
11 0.2625 0 0 0 0 0 0
12 0.2875 0 0 0 0 0 0
13 0.3125 0 0 0 0 0 0
14 0.3375 0 0 0 0 0 0
15 0.3625 0 0 0 0 0 0
16 0.3875 0 0 0 0 0 0
17 0.4125 0 0 0 0 0 0
18 0.4375 0 0 0 0 0 0
19 0.4625 0 0 0 0 0 0
20 0.4875 0 0 0 0 0 0
21 0.5125 0 0 0 0 0 0
22 0.5375 0 0 0 0 0 0
23 0.5625 0 0 0 0 0 0
24 0.5875 0 0 0 0 0 0
25 0.6125 0 0 0 0 0 0
26 0.6375 0 0 0 0 0 0
27 0.6625 0 0 0 0 0 0
28 0.6875 0 0 0 0 0 0
29 0.7125 0 0 0 0 0 0
30 0.7375 0 0 0 0 0 0
31 0.7625 0 0 0 0 0 0
32 0.7875 0 0 0 0 0 0
33 0.8125 0 0 0 0 0 0
34 0.8375 0 0 0 0 0 0
35 0.8625 0 0 0 0 0 0
36 0.8875 0 0 0 0 0 0
37 0.9125 0 0 0 0 0 0
38 0.9375 0 0 0 0 0 0
39 0.9625 0 0 0 0 0 0
40 0.9875 0 0 0 0 0 0
41 1.0125 0 0 0 0 0 0
42 1.0375 0 0 0 0 0 0
43 1.0625 0.00878437 0.00062 0.0155777 0.001105 0.00439219 0.00031
44 1.0875 0.343656 0.02603 0.674389 0.05122 0.245469 0.01846
45 1.1125 1.12589 0.11315 2.69001 0.260415 0.97934 0.09424
46 1.1375 1.41875 0.22792 3.09218 0.511815 1.0814 0.18172
47 1.1625 1.30228 0.33795 2.71696 0.742525 1.10841 0.27537
48 1.1875 1.2993 0.4525 2.32812 0.94881 1.29408 0.38946
49 1.2125 1.11963 0.55541 2.14277 1.14675 1.36758 0.51516
50 1.2375 1.09136 0.6599 2.09775 1.34861 1.15684 0.62592
51 1.2625 1.0312 0.76266 2.00447 1.54936 1.26151 0.75163
52 1.2875 1.07511 0.87408 1.91773 1.7491 1.28372 0.88467
53 1.3125 1.15451 0.99842 1.9167 1.95657 1.18199 1.01197
54 1.3375 1.08895 1.12021 1.82049 2.16119 1.12731 1.13805
55 1.3625 1.10226 1.24814 1.63381 2.35177 1.07452 1.26276
56 1.3875 1.08234 1.37841 1.5493 2.53918 1.01878 1.38538
57 1.4125 1.11187 1.5171 1.42008 2.71721 1.14674 1.52842
58 1.4375 1.09652 1.65876 1.43847 2.90398 0.974377 1.6543
59 1.4625 1.05143 1.79936 1.41758 3.09449 0.959224 1.78257
60 1.4875 0.956313 1.93165 1.38518 3.28707 1.01653 1.92319
61 1.5125 0.972226 2.0707 1.2311 3.46403 1.06892 2.07607
62 1.5375 0.931665 2.20839 1.17783 3.63897 0.892623 2.20799
63 1.5625 0.9642 2.35556 1.15094 3.81553 0.977237 2.35715
64 1.5875 0.939593 2.5036 1.12154 3.99312 0.997096 2.51425
65 1.6125 1.00591 2.66712 1.074 4.16859 0.938674 2.66684
66 1.6375 0.964277 2.82877 1.0008 4.3372 1.00782 2.83579
67 1.6625 0.892959 2.98307 0.958197 4.50361 0.882484 2.98828
68 1.6875 0.871865 3.13829 0.973722 4.67784 0.911858 3.15062
69 1.7125 0.879702 3.29958 0.970437 4.85665 0.864812 3.30918
70 1.7375 0.921329 3.47347 0.962323 5.0392 0.894731 3.47805
71 1.7625 0.90892 3.64999 0.941468 5.22295 0.88786 3.65048
72 1.7875 0.927477 3.83526 0.940472 5.41176 0.92172 3.8346
73 1.8125 0.970476 4.03458 0.92241 5.60217 0.902311 4.01992
74 1.8375 0.858171 4.21573 0.923831 5.79815 0.91971 4.21406
75 1.8625 0.845386 4.39907 0.908626 5.9962 0.990219 4.42881
76 1.8875 0.92151 4.60432 0.838748 6.18396 0.898478 4.62893
77 1.9125 0.864865 4.80209 0.848075 6.37886 0.948697 4.84587
78 1.9375 0.91632 5.01714 0.822387 6.57283 0.892203 5.05526
79 1.9625 0.906953 5.23552 0.825763 6.77267 0.884069 5.26813
80 1.9875 0.948785 5.46983 0.855302 6.98495 0.979519 5.51003
81 2.0125 0.917066 5.70204 0.876093 7.2079 1.00798 5.76526
82 2.0375 0.939279 5.94582 0.873128 7.43565 1.01992 6.02997
83 2.0625 0.898598 6.1848 0.881291 7.67121 0.964814 6.28656
84 2.0875 0.809958 6.40546 0.87468 7.9107 0.952745 6.54612
85 2.1125 0.899934 6.65654 0.839372 8.14605 0.982264 6.82017
86 2.1375 0.882962 6.90875 0.864039 8.3941 1.06588 7.12463
87 2.1625 0.96969 7.19225 0.913213 8.66243 1.06792 7.43685
88 2.1875 0.937926 7.47284 0.968042 8.95349 1.03924 7.74775
89 2.2125 0.950538 7.76374 0.953052 9.24662 0.988965 8.05041
90 2.2375 0.963251 8.06523 0.914564 9.53431 1.00325 8.36442
91 2.2625 1.00017 8.38531 0.964374 9.84448 1.00036 8.68456
92 2.2875 1.03651 8.72439 0.962283 10.1609 1.07282 9.03552
93 2.3125 1.0936 9.09001 0.963434 10.4846 1.15821 9.42274
94 2.3375 1.07347 9.4567 0.976768 10.8199 1.14932 9.81534
95 2.3625 1.07431 9.83157 0.962051 11.1573 1.14779 10.2159
96 2.3875 1.15247 10.2423 0.985775 11.5104 1.13241 10.6194
97 2.4125 1.21443 10.6842 1.00309 11.8772 1.13652 11.0329
98 2.4375 1.18327 11.1237 0.992238 12.2476 1.1483 11.4595
99 2.4625 1.22293 11.5873 1.01501 12.6343 1.17485 11.9049
100 2.4875 1.1202 12.0206 1.06482 13.0483 1.18447 12.3631
6000 100
1 0.0125 0 0 0 0 0 0
2 0.0375 0 0 0 0 0 0
3 0.0625 0 0 0 0 0 0
4 0.0875 0 0 0 0 0 0
5 0.1125 0 0 0 0 0 0
6 0.1375 0 0 0 0 0 0
7 0.1625 0 0 0 0 0 0
8 0.1875 0 0 0 0 0 0
9 0.2125 0 0 0 0 0 0
10 0.2375 0 0 0 0 0 0
11 0.2625 0 0 0 0 0 0
12 0.2875 0 0 0 0 0 0
13 0.3125 0 0 0 0 0 0
14 0.3375 0 0 0 0 0 0
15 0.3625 0 0 0 0 0 0
16 0.3875 0 0 0 0 0 0
17 0.4125 0 0 0 0 0 0
18 0.4375 0 0 0 0 0 0
19 0.4625 0 0 0 0 0 0
20 0.4875 0 0 0 0 0 0
21 0.5125 0 0 0 0 0 0
22 0.5375 0 0 0 0 0 0
23 0.5625 0 0 0 0 0 0
24 0.5875 0 0 0 0 0 0
25 0.6125 0 0 0 0 0 0
26 0.6375 0 0 0 0 0 0
27 0.6625 0 0 0 0 0 0
28 0.6875 0 0 0 0 0 0
29 0.7125 0 0 0 0 0 0
30 0.7375 0 0 0 0 0 0
31 0.7625 0 0 0 0 0 0
32 0.7875 0 0 0 0 0 0
33 0.8125 0 0 0 0 0 0
34 0.8375 0 0 0 0 0 0
35 0.8625 0 0 0 0 0 0
36 0.8875 0 0 0 0 0 0
37 0.9125 0 0 0 0 0 0
38 0.9375 0 0 0 0 0 0
39 0.9625 0 0 0 0 0 0
40 0.9875 0 0 0 0 0 0
41 1.0125 0 0 0 0 0 0
42 1.0375 0 0 0 0 0 0
43 1.0625 0.0147351 0.00104 0.0255165 0.00181 0.011618 0.00082
44 1.0875 0.366648 0.02815 0.759099 0.05822 0.325939 0.02492
45 1.1125 1.30049 0.12878 2.75649 0.272585 1.23122 0.12019
46 1.1375 1.39192 0.24138 3.03499 0.519335 1.41862 0.23495
47 1.1625 1.2895 0.35033 2.6506 0.74441 1.25731 0.34118
48 1.1875 1.18837 0.4551 2.346 0.95228 1.24497 0.45094
49 1.2125 1.2404 0.56911 2.24561 1.15972 1.18665 0.56001
50 1.2375 1.2028 0.68427 2.27022 1.37817 1.19444 0.67437
51 1.2625 1.2591 0.80974 2.20342 1.59885 1.10767 0.78475
52 1.2875 1.21811 0.93598 1.95964 1.80295 1.09836 0.89858
53 1.3125 1.04838 1.04889 1.80158 1.99796 0.994896 1.00573
54 1.3375 0.919247 1.1517 1.63981 2.18228 1.00338 1.11795
55 1.3625 0.847223 1.25003 1.6777 2.37798 1.06719 1.24181
56 1.3875 0.926557 1.36155 1.49912 2.55932 1.04238 1.36727
57 1.4125 0.982797 1.48414 1.47572 2.74431 1.0871 1.50287
58 1.4375 1.02167 1.61613 1.4092 2.92729 1.12222 1.64785
59 1.4625 0.998559 1.74966 1.364 3.1106 1.11926 1.79752
60 1.4875 0.898843 1.874 1.28139 3.28875 1.11961 1.9524
61 1.5125 0.91685 2.00513 1.22919 3.46543 0.995929 2.09484
62 1.5375 0.917455 2.14072 1.1918 3.64245 0.942694 2.23416
63 1.5625 1.00515 2.29414 1.16172 3.82066 0.950572 2.37925
64 1.5875 0.980022 2.44855 1.15649 4.00379 1.00135 2.53702
65 1.6125 1.01305 2.61323 1.16198 4.19363 0.941012 2.68999
66 1.6375 1.04493 2.7884 0.978419 4.35848 0.903849 2.84151
67 1.6625 1.02236 2.96506 0.947602 4.52305 0.938909 3.00375
68 1.6875 0.855688 3.1174 1.00454 4.70278 0.877763 3.16002
69 1.7125 0.841359 3.27166 0.976841 4.88279 0.903755 3.32572
70 1.7375 0.880213 3.43779 0.900063 5.05351 0.833535 3.48304
71 1.7625 0.870044 3.60676 0.944337 5.23784 0.934768 3.66458
72 1.7875 0.955511 3.79763 0.882144 5.41494 0.918315 3.84802
73 1.8125 0.906986 3.98391 0.907562 5.60227 0.898514 4.03256
74 1.8375 0.849218 4.16317 0.82204 5.77666 0.889675 4.22036
75 1.8625 0.961261 4.37164 0.834048 5.95846 0.834735 4.40139
76 1.8875 0.996084 4.5935 0.851412 6.14904 0.867499 4.59461
77 1.9125 0.964178 4.81398 0.855885 6.34574 0.925389 4.80622
78 1.9375 0.940394 5.03468 0.883608 6.55416 0.844224 5.00435
79 1.9625 0.878961 5.24632 0.805846 6.74917 0.880207 5.21629
80 1.9875 0.930887 5.47621 0.784391 6.94386 0.924125 5.44451
81 2.0125 0.960943 5.71953 0.818663 7.15219 0.839067 5.65697
82 2.0375 1.00351 5.97998 0.8152 7.36483 0.878787 5.88505
83 2.0625 0.983464 6.24153 0.816322 7.58302 0.951729 6.13816
84 2.0875 1.00942 6.51653 0.859615 7.81838 0.979137 6.40491
85 2.1125 0.951368 6.78196 0.901907 8.07128 0.987426 6.6804
86 2.1375 0.969435 7.05887 0.944227 8.34235 0.934846 6.94743
87 2.1625 0.989631 7.3482 0.970049 8.62738 1.00766 7.24203
88 2.1875 1.05886 7.66497 0.970653 8.91922 0.986729 7.53722
89 2.2125 1.09856 8.00117 0.976038 9.21942 1.00792 7.84568
90 2.2375 1.02993 8.32353 0.978081 9.52709 1.06309 8.17842
91 2.2625 1.0022 8.64426 1.01986 9.85511 1.09826 8.52989
92 2.2875 1.04822 8.98717 1.03904 10.1967 1.09871 8.88932
93 2.3125 1.02361 9.32939 1.02322 10.5405 1.18235 9.28461
94 2.3375 1.04806 9.6874 0.998454 10.8833 1.21662 9.7002
95 2.3625 1.05674 10.0561 0.941321 11.2134 1.25669 10.1387
96 2.3875 1.10676 10.4506 0.997907 11.5708 1.12228 10.5386
97 2.4125 1.06943 10.8397 1.00816 11.9395 1.12473 10.9479
98 2.4375 1.05259 11.2307 0.979527 12.3052 1.04236 11.3351
99 2.4625 1.08872 11.6434 0.993465 12.6837 1.10376 11.7535
100 2.4875 1.10508 12.0709 1.00729 13.0753 1.19005 12.2139
7000 100
1 0.0125 0 0 0 0 0 0
2 0.0375 0 0 0 0 0 0
3 0.0625 0 0 0 0 0 0
4 0.0875 0 0 0 0 0 0
5 0.1125 0 0 0 0 0 0
6 0.1375 0 0 0 0 0 0
7 0.1625 0 0 0 0 0 0
8 0.1875 0 0 0 0 0 0
9 0.2125 0 0 0 0 0 0
10 0.2375 0 0 0 0 0 0
11 0.2625 0 0 0 0 0 0
12 0.2875 0 0 0 0 0 0
13 0.3125 0 0 0 0 0 0
14 0.3375 0 0 0 0 0 0
15 0.3625 0 0 0 0 0 0
16 0.3875 0 0 0 0 0 0
17 0.4125 0 0 0 0 0 0
18 0.4375 0 0 0 0 0 0
19 0.4625 0 0 0 0 0 0
20 0.4875 0 0 0 0 0 0
21 0.5125 0 0 0 0 0 0
22 0.5375 0 0 0 0 0 0
23 0.5625 0 0 0 0 0 0
24 0.5875 0 0 0 0 0 0
25 0.6125 0 0 0 0 0 0
26 0.6375 0 0 0 0 0 0
27 0.6625 0 0 0 0 0 0
28 0.6875 0 0 0 0 0 0
29 0.7125 0 0 0 0 0 0
30 0.7375 0 0 0 0 0 0
31 0.7625 0 0 0 0 0 0
32 0.7875 0 0 0 0 0 0
33 0.8125 0 0 0 0 0 0
34 0.8375 0 0 0 0 0 0
35 0.8625 0 0 0 0 0 0
36 0.8875 0 0 0 0 0 0
37 0.9125 0 0 0 0 0 0
38 0.9375 0 0 0 0 0 0
39 0.9625 0 0 0 0 0 0
40 0.9875 0 0 0 0 0 0
41 1.0125 0 0 0 0 0 0
42 1.0375 0 0 0 0 0 0
43 1.0625 0.00779259 0.00055 0.042222 0.002995 0.00665912 0.00047
44 1.0875 0.363943 0.02746 0.706954 0.05553 0.274817 0.02079
45 1.1125 1.07536 0.11067 2.73463 0.268195 1.08428 0.10469
46 1.1375 1.36683 0.22124 3.13886 0.52339 1.22257 0.20359
47 1.1625 1.27624 0.32907 2.73681 0.755785 1.3527 0.31788
48 1.1875 1.24327 0.43868 2.49058 0.976465 1.12043 0.41666
49 1.2125 1.22908 0.55165 2.30439 1.18933 1.04173 0.51241
50 1.2375 1.19142 0.66572 2.23026 1.40394 1.13282 0.62087
51 1.2625 1.17972 0.78328 2.04495 1.60874 1.0587 0.72637
52 1.2875 1.07646 0.89484 1.91101 1.80779 1.24204 0.85509
53 1.3125 1.26175 1.03073 1.65621 1.98706 1.0741 0.97077
54 1.3375 1.21145 1.16622 1.5612 2.16254 1.10657 1.09453
55 1.3625 1.10131 1.29404 1.53325 2.34139 1.14672 1.22762
56 1.3875 0.970093 1.4108 1.44212 2.51583 1.06365 1.35564
57 1.4125 1.09664 1.54759 1.45474 2.69821 1.15107 1.49922
58 1.4375 1.01734 1.67902 1.41748 2.88225 1.03963 1.63353
59 1.4625 1.0717 1.82233 1.26694 3.05252 1.02189 1.77018
60 1.4875 1.14101 1.98017 1.30207 3.23354 1.18431 1.93401
61 1.5125 1.01404 2.1252 1.26544 3.41544 0.983693 2.0747
62 1.5375 0.947836 2.26528 1.20028 3.59372 0.854934 2.20105
63 1.5625 0.95529 2.41109 1.1171 3.76509 0.911459 2.34017
64 1.5875 1.04032 2.575 1.00787 3.92468 0.859622 2.47561
65 1.6125 0.989733 2.73589 1.04186 4.0949 0.772888 2.60125
66 1.6375 0.915302 2.88933 0.962868 4.25712 0.782278 2.73239
67 1.6625 0.954303 3.05423 0.941758 4.42067 0.835145 2.8767
68 1.6875 0.839006 3.2036 0.924205 4.58603 0.996562 3.05412
69 1.7125 0.82756 3.35533 0.950358 4.76116 0.894156 3.21806
70 1.7375 0.836184 3.51315 0.838066 4.92013 0.902837 3.38846
71 1.7625 0.881835 3.68441 0.842485 5.08456 0.903307 3.56389
72 1.7875 0.967275 3.87763 0.946101 5.27451 0.903598 3.74439
73 1.8125 0.952802 4.07332 0.893779 5.459 0.935225 3.93647
74 1.8375 0.944249 4.27264 0.859961 5.64144 0.990438 4.14554
75 1.8625 0.921975 4.47259 0.921655 5.84232 0.95665 4.35301
76 1.8875 0.976778 4.69015 0.878908 6.03906 0.915583 4.55694
77 1.9125 0.960592 4.90981 0.891456 6.24394 0.883538 4.75898
78 1.9375 0.94768 5.13222 0.872776 6.4498 1.06047 5.00786
79 1.9625 0.956915 5.36263 0.868099 6.65988 1.08794 5.26982
80 1.9875 0.942428 5.59537 0.849863 6.87081 1.02835 5.52378
81 2.0125 0.965366 5.83981 0.890456 7.09741 0.983059 5.7727
82 2.0375 0.96178 6.08943 0.869505 7.32422 1.03853 6.04224
83 2.0625 1.02742 6.36267 0.887071 7.56132 0.981246 6.3032
84 2.0875 1.04675 6.64784 0.893307 7.80591 1.01445 6.57957
85 2.1125 1.03886 6.93768 0.938605 8.0691 1.01911 6.8639
86 2.1375 0.990895 7.22072 0.975543 8.34915 0.998527 7.14912
87 2.1625 0.962781 7.5022 0.983322 8.63808 1.09129 7.46817
88 2.1875 1.01267 7.80515 1.01951 8.94461 1.12067 7.80343
89 2.2125 0.942337 8.09354 0.981273 9.24643 1.12754 8.1485
90 2.2375 1.05041 8.42231 0.978605 9.55426 1.12127 8.49945
91 2.2625 1.14638 8.78918 1.01081 9.87937 1.17169 8.87442
92 2.2875 1.08799 9.1451 0.985201 10.2033 1.19183 9.26431
93 2.3125 0.957298 9.46515 0.984624 10.5341 1.23155 9.67605
94 2.3375 0.976715 9.79879 0.939339 10.8566 1.21454 10.0909
95 2.3625 0.981487 10.1413 0.918837 11.1788 1.14318 10.4898
96 2.3875 1.0173 10.5038 0.94723 11.5181 1.02996 10.8569
97 2.4125 1.03571 10.8807 0.990472 11.8803 0.980636 11.2137
98 2.4375 1.00518 11.254 1.00293 12.2547 0.985095 11.5796
99 2.4625 1.03312 11.6457 0.977849 12.6273 0.958944 11.9431
100 2.4875 1.00824 12.0357 0.965778 13.0028 0.928572 12.3023
8000 100
1 0.0125 0 0 0 0 0 0
2 0.0375 0 0 0 0 0 0
3 0.0625 0 0 0 0 0 0
4 0.0875 0 0 0 0 0 0
5 0.1125 0 0 0 0 0 0
6 0.1375 0 0 0 0 0 0
7 0.1625 0 0 0 0 0 0
8 0.1875 0 0 0 0 0 0
9 0.2125 0 0 0 0 0 0
10 0.2375 0 0 0 0 0 0
11 0.2625 0 0 0 0 0 0
12 0.2875 0 0 0 0 0 0
13 0.3125 0 0 0 0 0 0
14 0.3375 0 0 0 0 0 0
15 0.3625 0 0 0 0 0 0
16 0.3875 0 0 0 0 0 0
17 0.4125 0 0 0 0 0 0
18 0.4375 0 0 0 0 0 0
19 0.4625 0 0 0 0 0 0
20 0.4875 0 0 0 0 0 0
21 0.5125 0 0 0 0 0 0
22 0.5375 0 0 0 0 0 0
23 0.5625 0 0 0 0 0 0
24 0.5875 0 0 0 0 0 0
25 0.6125 0 0 0 0 0 0
26 0.6375 0 0 0 0 0 0
27 0.6625 0 0 0 0 0 0
28 0.6875 0 0 0 0 0 0
29 0.7125 0 0 0 0 0 0
30 0.7375 0 0 0 0 0 0
31 0.7625 0 0 0 0 0 0
32 0.7875 0 0 0 0 0 0
33 0.8125 0 0 0 0 0 0
34 0.8375 0 0 0 0 0 0
35 0.8625 0 0 0 0 0 0
36 0.8875 0 0 0 0 0 0
37 0.9125 0 0 0 0 0 0
38 0.9375 0 0 0 0 0 0
39 0.9625 0 0 0 0 0 0
40 0.9875 0 0 0 0 0 0
41 1.0125 0 0 0 0 0 0
42 1.0375 0 0 0 0 0 0
43 1.0625 0.00821764 0.00058 0.0287589 0.00204 0.0133182 0.00094
44 1.0875 0.272112 0.0207 0.756139 0.05823 0.286718 0.02214
45 1.1125 1.27813 0.1196 2.75559 0.272525 1.19904 0.11492
46 1.1375 1.61456 0.25021 3.14765 0.528435 1.20143 0.21211
47 1.1625 1.45544 0.37318 2.73151 0.76038 1.27944 0.32021
48 1.1875 1.51277 0.50655 2.5272 0.984305 1.20039 0.42604
49 1.2125 1.301 0.62613 2.4534 1.21094 1.18404 0.53487
50 1.2375 1.40689 0.76083 2.13387 1.41627 1.14347 0.64435
51 1.2625 1.21896 0.8823 1.95259 1.61182 1.24816 0.76873
52 1.2875 1.09556 0.99584 1.83732 1.8032 1.25429 0.89872
53 1.3125 1.08097 1.11226 1.86431 2.00499 1.24996 1.03334
54 1.3375 1.07876 1.23291 1.64875 2.19032 1.16772 1.16394
55 1.3625 1.13199 1.36429 1.63304 2.3808 1.23391 1.30715
56 1.3875 1.20821 1.50971 1.52656 2.56546 1.15288 1.44591
57 1.4125 1.18218 1.65717 1.4332 2.74513 1.15099 1.58948
58 1.4375 1.02779 1.78995 1.36484 2.92234 1.08367 1.72948
59 1.4625 0.944342 1.91623 1.20879 3.0848 1.08104 1.87404
60 1.4875 0.906144 2.04158 1.16613 3.24692 1.04031 2.01795
61 1.5125 0.823858 2.15941 1.07029 3.40077 0.968311 2.15644
62 1.5375 0.856152 2.28594 1.00174 3.54955 0.925981 2.29329
63 1.5625 0.898618 2.4231 0.981999 3.70019 0.949 2.43814
64 1.5875 0.895165 2.56414 1.00654 3.85958 1.00547 2.59656
65 1.6125 0.864732 2.70471 0.940439 4.01322 0.992563 2.75791
66 1.6375 0.775836 2.83477 0.944558 4.17236 1.02983 2.93055
67 1.6625 0.822587 2.97691 0.957823 4.3387 1.01721 3.10632
68 1.6875 0.825525 3.12388 0.924568 4.50413 0.838669 3.25563
69 1.7125 0.868521 3.28312 0.891449 4.6684 0.819488 3.40588
70 1.7375 0.864477 3.44628 0.893763 4.83794 0.864054 3.56896
71 1.7625 0.863504 3.61398 0.904862 5.01455 0.947692 3.75301
72 1.7875 0.837718 3.78132 0.871211 5.18945 0.903397 3.93347
73 1.8125 0.865259 3.95903 0.834093 5.36163 0.840086 4.10601
74 1.8375 0.903413 4.14973 0.825433 5.53674 0.871057 4.28988
75 1.8625 0.870286 4.33847 0.871532 5.7267 0.898459 4.48473
76 1.8875 0.907098 4.54051 0.847079 5.91632 0.887792 4.68247
77 1.9125 1.00494 4.77031 0.886257 6.12 0.93619 4.89655
78 1.9375 1.08003 5.02378 0.89054 6.33005 0.943249 5.11792
79 1.9625 1.01107 5.26723 0.902521 6.54846 0.936647 5.34345
80 1.9875 1.08055 5.53408 0.963622 6.78763 0.961095 5.5808
81 2.0125 0.973186 5.7805 0.948908 7.0291 0.933772 5.81724
82 2.0375 1.00177 6.0405 0.919899 7.26906 0.894623 6.04943
83 2.0625 1.02441 6.31294 0.917133 7.51419 0.86062 6.27831
84 2.0875 1.08606 6.60882 0.924716 7.76738 0.933694 6.53268
85 2.1125 1.04474 6.9003 0.951301 8.03413 1.03678 6.82194
86 2.1375 1.02678 7.19359 0.976326 8.31441 1.03753 7.1183
87 2.1625 1.05205 7.50117 1.01904 8.61383 1.00133 7.41105
88 2.1875 1.15517 7.84675 0.991424 8.91192 1.02998 7.71918
89 2.2125 1.17443 8.20617 0.984752 9.2148 1.01468 8.02971
90 2.2375 1.15495 8.56766 0.985837 9.52491 1.00578 8.34451
91 2.2625 1.05982 8.90683 1.08498 9.87388 0.983765 8.65934
92 2.2875 1.08117 9.26052 1.08194 10.2296 1.04537 9.00132
93 2.3125 1.10694 9.6306 0.994549 10.5638 1.02546 9.34416
94 2.3375 1.07906 9.9992 0.955447 10.8918 1.03119 9.69641
95 2.3625 1.04262 10.363 1.00813 11.2453 1.00269 10.0463
96 2.3875 1.07904 10.7475 1.0468 11.6202 1.06007 10.4241
97 2.4125 1.15389 11.1674 1.01987 11.9932 1.07839 10.8164
98 2.4375 0.995703 11.5372 1.0515 12.3857 1.02007 11.1953
99 2.4625 1.0279 11.9269 1.04842 12.7852 1.07232 11.6019
100 2.4875 1.04048 12.3294 1.04293 13.1907 1.03554 12.0025
9000 100
1 0.0125 0 0 0 0 0 0
2 0.0375 0 0 0 0 0 0
3 0.0625 0 0 0 0 0 0
4 0.0875 0 0 0 0 0 0
5 0.1125 0 0 0 0 0 0
6 0.1375 0 0 0 0 0 0
7 0.1625 0 0 0 0 0 0
8 0.1875 0 0 0 0 0 0
9 0.2125 0 0 0 0 0 0
10 0.2375 0 0 0 0 0 0
11 0.2625 0 0 0 0 0 0
12 0.2875 0 0 0 0 0 0
13 0.3125 0 0 0 0 0 0
14 0.3375 0 0 0 0 0 0
15 0.3625 0 0 0 0 0 0
16 0.3875 0 0 0 0 0 0
17 0.4125 0 0 0 0 0 0
18 0.4375 0 0 0 0 0 0
19 0.4625 0 0 0 0 0 0
20 0.4875 0 0 0 0 0 0
21 0.5125 0 0 0 0 0 0
22 0.5375 0 0 0 0 0 0
23 0.5625 0 0 0 0 0 0
24 0.5875 0 0 0 0 0 0
25 0.6125 0 0 0 0 0 0
26 0.6375 0 0 0 0 0 0
27 0.6625 0 0 0 0 0 0
28 0.6875 0 0 0 0 0 0
29 0.7125 0 0 0 0 0 0
30 0.7375 0 0 0 0 0 0
31 0.7625 0 0 0 0 0 0
32 0.7875 0 0 0 0 0 0
33 0.8125 0 0 0 0 0 0
34 0.8375 0 0 0 0 0 0
35 0.8625 0 0 0 0 0 0
36 0.8875 0 0 0 0 0 0
37 0.9125 0 0 0 0 0 0
38 0.9375 0 0 0 0 0 0
39 0.9625 0 0 0 0 0 0
40 0.9875 0 0 0 0 0 0
41 1.0125 0 0 0 0 0 0
42 1.0375 0 0 0 0 0 0
43 1.0625 0.0042505 0.0003 0.0304506 0.00216 0.00977616 0.00069
44 1.0875 0.298484 0.02237 0.761051 0.058715 0.282255 0.02156
45 1.1125 1.28433 0.12175 2.73096 0.271095 0.93372 0.09381
46 1.1375 1.51579 0.24437 2.92324 0.50876 1.18734 0.18986
47 1.1625 1.50574 0.37159 2.62458 0.731625 1.25731 0.29609
48 1.1875 1.46297 0.50057 2.55039 0.957605 1.05362 0.38898
49 1.2125 1.41763 0.63087 2.38374 1.17781 1.07894 0.48815
50 1.2375 1.34902 0.76003 2.19461 1.38898 1.17888 0.60102
51 1.2625 1.26181 0.88577 2.10242 1.59954 1.14189 0.71481
52 1.2875 1.21492 1.01168 1.92584 1.80013 1.13445 0.83238
53 1.3125 1.19276 1.14014 1.81757 1.99687 1.12117 0.95313
54 1.3375 1.21225 1.27572 1.70315 2.1883 1.05006 1.07057
55 1.3625 1.06857 1.39974 1.57067 2.37152 1.0777 1.19565
56 1.3875 0.971339 1.51665 1.55488 2.5596 1.27169 1.34871
57 1.4125 1.022 1.64413 1.48952 2.74633 1.09728 1.48558
58 1.4375 1.02175 1.77613 1.34585 2.92108 1.08391 1.62561
59 1.4625 0.980761 1.90728 1.24566 3.08848 1.13279 1.77709
60 1.4875 0.910481 2.03323 1.26762 3.26472 1.21034 1.94452
61 1.5125 0.814559 2.14973 1.21309 3.43909 1.10577 2.10267
62 1.5375 0.906629 2.28372 1.22738 3.6214 1.07389 2.26138
63 1.5625 0.879291 2.41793 1.15439 3.79848 0.969703 2.40939
64 1.5875 0.851435 2.55208 1.10544 3.97352 0.897576 2.55081
65 1.6125 0.926925 2.70276 0.976368 4.13304 0.890015 2.69549
66 1.6375 0.862272 2.84731 0.922537 4.28847 0.911067 2.84822
67 1.6625 0.873456 2.99824 0.879943 4.44128 0.783697 2.98364
68 1.6875 0.849341 3.14945 0.865186 4.59609 0.964039 3.15527
69 1.7125 0.906046 3.31557 0.877203 4.75773 0.940898 3.32778
70 1.7375 0.875233 3.48076 0.849796 4.91892 1.0105 3.5185
71 1.7625 0.819583 3.63993 0.909037 5.09636 0.975291 3.70791
72 1.7875 0.836566 3.80704 0.906526 5.27835 0.908454 3.88938
73 1.8125 0.865648 3.98483 0.916887 5.46761 0.884881 4.07112
74 1.8375 0.82411 4.15879 0.9013 5.65882 0.873094 4.25542
75 1.8625 0.895462 4.35299 0.913925 5.85802 0.920546 4.45506
76 1.8875 0.963758 4.56765 0.874463 6.05377 0.911408 4.65806
77 1.9125 0.971962 4.78991 0.930226 6.26755 0.854807 4.85353
78 1.9375 0.942993 5.01122 0.872712 6.4734 0.796288 5.04041
79 1.9625 0.933657 5.23603 0.894257 6.68981 0.87921 5.25211
80 1.9875 0.91793 5.46272 0.903086 6.91395 0.92538 5.48064
81 2.0125 0.946449 5.70237 0.914269 7.14662 0.892185 5.70655
82 2.0375 0.831241 5.91811 0.950339 7.39451 0.950915 5.95335
83 2.0625 0.931085 6.16573 0.857533 7.62371 1.00234 6.21992
84 2.0875 0.965666 6.42881 0.91522 7.8743 0.963904 6.48252
85 2.1125 1.01674 6.71248 0.935716 8.13667 0.880543 6.72819
86 2.1375 1.03518 7.00817 0.982057 8.4186 0.992015 7.01155
87 2.1625 1.12542 7.3372 1.00447 8.71374 0.965483 7.29382
88 2.1875 1.17168 7.68772 1.0179 9.01979 0.989804 7.58993
89 2.2125 1.10686 8.02646 0.994635 9.32571 1.04072 7.90843
90 2.2375 1.22051 8.40847 0.921971 9.61574 1.11249 8.25663
91 2.2625 1.17997 8.78609 0.910135 9.90847 1.08285 8.60317
92 2.2875 1.05711 9.13191 1.00109 10.2376 1.07958 8.95634
93 2.3125 1.10039 9.4998 0.995636 10.5721 1.09911 9.3238
94 2.3375 1.13568 9.88774 0.983191 10.9097 1.11679 9.70529
95 2.3625 1.21471 10.3116 0.971404 11.2503 1.11999 10.0961
96 2.3875 1.14936 10.7212 1.00332 11.6097 1.13112 10.4992
97 2.4125 1.10326 11.1226 0.998716 11.9749 1.04786 10.8805
98 2.4375 1.05466 11.5144 1.05421 12.3685 1.04424 11.2684
99 2.4625 1.00901 11.8969 1.03038 12.7611 1.03462 11.6606
100 2.4875 1.03735 12.2982 0.988476 13.1454 1.12721 12.0966
10000 100
1 0.0125 0 0 0 0 0 0
2 0.0375 0 0 0 0 0 0
3 0.0625 0 0 0 0 0 0
4 0.0875 0 0 0 0 0 0
5 0.1125 0 0 0 0 0 0
6 0.1375 0 0 0 0 0 0
7 0.1625 0 0 0 0 0 0
8 0.1875 0 0 0 0 0 0
9 0.2125 0 0 0 0 0 0
10 0.2375 0 0 0 0 0 0
11 0.2625 0 0 0 0 0 0
12 0.2875 0 0 0 0 0 0
13 0.3125 0 0 0 0 0 0
14 0.3375 0 0 0 0 0 0
15 0.3625 0 0 0 0 0 0
16 0.3875 0 0 0 0 0 0
17 0.4125 0 0 0 0 0 0
18 0.4375 0 0 0 0 0 0
19 0.4625 0 0 0 0 0 0
20 0.4875 0 0 0 0 0 0
21 0.5125 0 0 0 0 0 0
22 0.5375 0 0 0 0 0 0
23 0.5625 0 0 0 0 0 0
24 0.5875 0 0 0 0 0 0
25 0.6125 0 0 0 0 0 0
26 0.6375 0 0 0 0 0 0
27 0.6625 0 0 0 0 0 0
28 0.6875 0 0 0 0 0 0
29 0.7125 0 0 0 0 0 0
30 0.7375 0 0 0 0 0 0
31 0.7625 0 0 0 0 0 0
32 0.7875 0 0 0 0 0 0
33 0.8125 0 0 0 0 0 0
34 0.8375 0 0 0 0 0 0
35 0.8625 0 0 0 0 0 0
36 0.8875 0 0 0 0 0 0
37 0.9125 0 0 0 0 0 0
38 0.9375 0 0 0 0 0 0
39 0.9625 0 0 0 0 0 0
40 0.9875 0 0 0 0 0 0
41 1.0125 0 0 0 0 0 0
42 1.0375 0 0 0 0 0 0
43 1.0625 0.00127515 9e-05 0.0257984 0.00183 0.0120431 0.00085
44 1.0875 0.246415 0.01831 0.84677 0.064755 0.238571 0.01849
45 1.1125 1.27632 0.11707 2.68743 0.27375 1.07471 0.10165
46 1.1375 1.30811 0.22289 3.0102 0.518485 1.36176 0.21181
47 1.1625 1.39614 0.34085 2.63535 0.742265 1.30832 0.32235
48 1.1875 1.49995 0.47309 2.47675 0.96172 1.21979 0.42989
49 1.2125 1.19851 0.58325 2.34211 1.17807 1.13008 0.53376
50 1.2375 1.07047 0.68574 2.17705 1.38756 1.14306 0.6432
51 1.2625 1.2312 0.80843 2.1463 1.60251 1.07556 0.75038
52 1.2875 1.06131 0.91842 1.97769 1.80851 1.03391 0.85753
53 1.3125 1.11532 1.03854 1.8087 2.00428 1.14485 0.98083
54 1.3375 1.16191 1.16849 1.66965 2.19196 1.09351 1.10313
55 1.3625 1.24098 1.31252 1.42077 2.35768 0.943724 1.21266
56 1.3875 1.37721 1.47828 1.40926 2.52815 0.994603 1.33237
57 1.4125 1.16791 1.62396 1.32719 2.69453 0.945278 1.45028
58 1.4375 0.990323 1.7519 1.37986 2.87369 0.938306 1.5715
59 1.4625 1.00611 1.88644 1.30716 3.04937 1.05764 1.71293
60 1.4875 0.968602 2.02043 1.37019 3.23986 1.14289 1.87103
61 1.5125 1.01124 2.16506 1.34175 3.43272 0.970478 2.00983
62 1.5375 0.957309 2.30654 1.21324 3.61293 0.91326 2.1448
63 1.5625 0.886301 2.44182 1.10974 3.78317 0.916897 2.28475
64 1.5875 0.756168 2.56096 1.08403 3.95482 0.918267 2.42943
65 1.6125 0.863317 2.7013 1.06552 4.1289 0.957683 2.58511
66 1.6375 0.88482 2.84963 1.06855 4.30893 0.885118 2.73349
67 1.6625 0.852217 2.99689 1 4.4826 0.945217 2.89682
68 1.6875 0.907701 3.15849 0.933874 4.64969 0.999145 3.0747
69 1.7125 0.993967 3.34073 0.927266 4.82055 0.951697 3.24919
70 1.7375 0.857219 3.50252 0.917855 4.99466 0.930707 3.42485
71 1.7625 0.793631 3.65665 0.838156 5.15826 1.04789 3.62836
72 1.7875 0.783902 3.81324 0.915069 5.34196 0.956262 3.81938
73 1.8125 0.90606 3.99933 0.843758 5.51613 0.970963 4.0188
74 1.8375 0.939891 4.19773 0.847069 5.69583 0.974094 4.22442
75 1.8625 1.02277 4.41954 0.884997 5.88873 0.97823 4.43657
76 1.8875 0.942522 4.62947 0.892667 6.08855 0.891204 4.63507
77 1.9125 0.890316 4.83306 0.874204 6.28947 0.888742 4.8383
78 1.9375 0.90767 5.04608 0.863364 6.4931 1.00205 5.07347
79 1.9625 0.892832 5.26106 0.797436 6.68608 0.975645 5.30839
80 1.9875 0.910115 5.48582 0.817872 6.88907 0.904081 5.53166
81 2.0125 0.920265 5.71884 0.875366 7.11184 0.993603 5.78325
82 2.0375 0.9078 5.95445 0.929943 7.35441 0.899747 6.01677
83 2.0625 0.971507 6.21282 0.903477 7.59589 1.00557 6.2842
84 2.0875 0.97954 6.47968 0.869019 7.83383 0.996976 6.55581
85 2.1125 0.963483 6.74849 0.886037 8.08228 1.00664 6.83666
86 2.1375 1.01355 7.038 0.901102 8.34096 1.00098 7.12258
87 2.1625 1.04066 7.34225 0.999386 8.63462 1.01737 7.42002
88 2.1875 0.997091 7.64054 0.984074 8.93049 1.07859 7.74269
89 2.2125 1.00246 7.94733 0.994896 9.2365 1.06902 8.06985
90 2.2375 1.07076 8.28247 0.985901 9.54662 1.1191 8.42012
91 2.2625 1.13004 8.64411 0.963441 9.8565 1.10157 8.77265
92 2.2875 1.107 9.00625 0.956625 10.171 1.08037 9.12608
93 2.3125 1.00396 9.3419 0.947259 10.4893 1.0581 9.47983
94 2.3375 1.02481 9.69197 0.963093 10.8199 1.08573 9.85071
95 2.3625 1.09486 10.074 0.970962 11.1605 1.13349 10.2462
96 2.3875 1.06097 10.4521 0.982509 11.5123 1.07794 10.6304
97 2.4125 1.12137 10.8601 1.05271 11.8973 1.16639 11.0548
98 2.4375 1.13362 11.2812 1.00725 12.2733 1.14943 11.4817
99 2.4625 1.12578 11.708 0.968256 12.6422 1.11716 11.9053
100 2.4875 1.12563 12.1434 0.990213 13.0272 1.04459 12.3093
